Landroid/app/appsearch/AppSearchBatchResult$Builder;-><init>()V,public-api,sdk,system-api,test-api
Landroid/app/appsearch/AppSearchBatchResult$Builder;->build()Landroid/app/appsearch/AppSearchBatchResult;,public-api,sdk,system-api,test-api
Landroid/app/appsearch/AppSearchBatchResult$Builder;->setFailure(Ljava/lang/Object;ILjava/lang/String;)Landroid/app/appsearch/AppSearchBatchResult$Builder;,public-api,sdk,system-api,test-api
Landroid/app/appsearch/AppSearchBatchResult$Builder;->setResult(Ljava/lang/Object;Landroid/app/appsearch/AppSearchResult;)Landroid/app/appsearch/AppSearchBatchResult$Builder;,public-api,sdk,system-api,test-api
Landroid/app/appsearch/AppSearchBatchResult$Builder;->setSuccess(Ljava/lang/Object;Ljava/lang/Object;)Landroid/app/appsearch/AppSearchBatchResult$Builder;,public-api,sdk,system-api,test-api
Landroid/app/appsearch/AppSearchBatchResult;->getAll()Ljava/util/Map;,public-api,sdk,system-api,test-api
Landroid/app/appsearch/AppSearchBatchResult;->getFailures()Ljava/util/Map;,public-api,sdk,system-api,test-api
Landroid/app/appsearch/AppSearchBatchResult;->getSuccesses()Ljava/util/Map;,public-api,sdk,system-api,test-api
Landroid/app/appsearch/AppSearchBatchResult;->isSuccess()Z,public-api,sdk,system-api,test-api
Landroid/app/appsearch/AppSearchBatchResult;->toString()Ljava/lang/String;,core-platform-api,public-api,sdk,system-api,test-api
Landroid/app/appsearch/AppSearchManager$SearchContext$Builder;-><init>(Ljava/lang/String;)V,public-api,sdk,system-api,test-api
Landroid/app/appsearch/AppSearchManager$SearchContext$Builder;->build()Landroid/app/appsearch/AppSearchManager$SearchContext;,public-api,sdk,system-api,test-api
Landroid/app/appsearch/AppSearchManager$SearchContext;->getDatabaseName()Ljava/lang/String;,public-api,sdk,system-api,test-api
Landroid/app/appsearch/AppSearchManager;->createGlobalSearchSession(Ljava/util/concurrent/Executor;Ljava/util/function/Consumer;)V,public-api,sdk,system-api,test-api
Landroid/app/appsearch/AppSearchManager;->createSearchSession(Landroid/app/appsearch/AppSearchManager$SearchContext;Ljava/util/concurrent/Executor;Ljava/util/function/Consumer;)V,public-api,sdk,system-api,test-api
Landroid/app/appsearch/AppSearchManagerFrameworkInitializer$$ExternalSyntheticLambda0;->createService(Landroid/content/Context;Landroid/os/IBinder;)Ljava/lang/Object;,sdk,system-api,test-api
Landroid/app/appsearch/AppSearchManagerFrameworkInitializer;->initialize()V,sdk,system-api,test-api
Landroid/app/appsearch/AppSearchMigrationHelper;->close()V,core-platform-api,public-api,sdk,system-api,test-api
Landroid/app/appsearch/AppSearchResult;->RESULT_INTERNAL_ERROR:I,public-api,sdk,system-api,test-api
Landroid/app/appsearch/AppSearchResult;->RESULT_INVALID_ARGUMENT:I,public-api,sdk,system-api,test-api
Landroid/app/appsearch/AppSearchResult;->RESULT_INVALID_SCHEMA:I,public-api,sdk,system-api,test-api
Landroid/app/appsearch/AppSearchResult;->RESULT_IO_ERROR:I,public-api,sdk,system-api,test-api
Landroid/app/appsearch/AppSearchResult;->RESULT_NOT_FOUND:I,public-api,sdk,system-api,test-api
Landroid/app/appsearch/AppSearchResult;->RESULT_OK:I,public-api,sdk,system-api,test-api
Landroid/app/appsearch/AppSearchResult;->RESULT_OUT_OF_SPACE:I,public-api,sdk,system-api,test-api
Landroid/app/appsearch/AppSearchResult;->RESULT_SECURITY_ERROR:I,public-api,sdk,system-api,test-api
Landroid/app/appsearch/AppSearchResult;->RESULT_UNKNOWN_ERROR:I,public-api,sdk,system-api,test-api
Landroid/app/appsearch/AppSearchResult;->equals(Ljava/lang/Object;)Z,core-platform-api,public-api,sdk,system-api,test-api
Landroid/app/appsearch/AppSearchResult;->getErrorMessage()Ljava/lang/String;,public-api,sdk,system-api,test-api
Landroid/app/appsearch/AppSearchResult;->getResultCode()I,public-api,sdk,system-api,test-api
Landroid/app/appsearch/AppSearchResult;->getResultValue()Ljava/lang/Object;,public-api,sdk,system-api,test-api
Landroid/app/appsearch/AppSearchResult;->hashCode()I,core-platform-api,public-api,sdk,system-api,test-api
Landroid/app/appsearch/AppSearchResult;->isSuccess()Z,public-api,sdk,system-api,test-api
Landroid/app/appsearch/AppSearchResult;->newFailedResult(ILjava/lang/String;)Landroid/app/appsearch/AppSearchResult;,public-api,sdk,system-api,test-api
Landroid/app/appsearch/AppSearchResult;->newSuccessfulResult(Ljava/lang/Object;)Landroid/app/appsearch/AppSearchResult;,public-api,sdk,system-api,test-api
Landroid/app/appsearch/AppSearchResult;->toString()Ljava/lang/String;,core-platform-api,public-api,sdk,system-api,test-api
Landroid/app/appsearch/AppSearchSchema$$ExternalSyntheticLambda0;->compare(Ljava/lang/Object;Ljava/lang/Object;)I,core-platform-api,public-api,sdk,system-api,test-api
Landroid/app/appsearch/AppSearchSchema$BooleanPropertyConfig$Builder;-><init>(Ljava/lang/String;)V,public-api,sdk,system-api,test-api
Landroid/app/appsearch/AppSearchSchema$BooleanPropertyConfig$Builder;->build()Landroid/app/appsearch/AppSearchSchema$BooleanPropertyConfig;,public-api,sdk,system-api,test-api
Landroid/app/appsearch/AppSearchSchema$BooleanPropertyConfig$Builder;->setCardinality(I)Landroid/app/appsearch/AppSearchSchema$BooleanPropertyConfig$Builder;,public-api,sdk,system-api,test-api
Landroid/app/appsearch/AppSearchSchema$Builder;-><init>(Ljava/lang/String;)V,public-api,sdk,system-api,test-api
Landroid/app/appsearch/AppSearchSchema$Builder;->addParentType(Ljava/lang/String;)Landroid/app/appsearch/AppSearchSchema$Builder;,public-api,sdk,system-api,test-api
Landroid/app/appsearch/AppSearchSchema$Builder;->addProperty(Landroid/app/appsearch/AppSearchSchema$PropertyConfig;)Landroid/app/appsearch/AppSearchSchema$Builder;,public-api,sdk,system-api,test-api
Landroid/app/appsearch/AppSearchSchema$Builder;->build()Landroid/app/appsearch/AppSearchSchema;,public-api,sdk,system-api,test-api
Landroid/app/appsearch/AppSearchSchema$BytesPropertyConfig$Builder;-><init>(Ljava/lang/String;)V,public-api,sdk,system-api,test-api
Landroid/app/appsearch/AppSearchSchema$BytesPropertyConfig$Builder;->build()Landroid/app/appsearch/AppSearchSchema$BytesPropertyConfig;,public-api,sdk,system-api,test-api
Landroid/app/appsearch/AppSearchSchema$BytesPropertyConfig$Builder;->setCardinality(I)Landroid/app/appsearch/AppSearchSchema$BytesPropertyConfig$Builder;,public-api,sdk,system-api,test-api
Landroid/app/appsearch/AppSearchSchema$DocumentPropertyConfig$Builder;-><init>(Ljava/lang/String;Ljava/lang/String;)V,public-api,sdk,system-api,test-api
Landroid/app/appsearch/AppSearchSchema$DocumentPropertyConfig$Builder;->addIndexableNestedProperties(Ljava/util/Collection;)Landroid/app/appsearch/AppSearchSchema$DocumentPropertyConfig$Builder;,public-api,sdk,system-api,test-api
Landroid/app/appsearch/AppSearchSchema$DocumentPropertyConfig$Builder;->build()Landroid/app/appsearch/AppSearchSchema$DocumentPropertyConfig;,public-api,sdk,system-api,test-api
Landroid/app/appsearch/AppSearchSchema$DocumentPropertyConfig$Builder;->setCardinality(I)Landroid/app/appsearch/AppSearchSchema$DocumentPropertyConfig$Builder;,public-api,sdk,system-api,test-api
Landroid/app/appsearch/AppSearchSchema$DocumentPropertyConfig$Builder;->setShouldIndexNestedProperties(Z)Landroid/app/appsearch/AppSearchSchema$DocumentPropertyConfig$Builder;,public-api,sdk,system-api,test-api
Landroid/app/appsearch/AppSearchSchema$DocumentPropertyConfig;->getSchemaType()Ljava/lang/String;,public-api,sdk,system-api,test-api
Landroid/app/appsearch/AppSearchSchema$DocumentPropertyConfig;->shouldIndexNestedProperties()Z,public-api,sdk,system-api,test-api
Landroid/app/appsearch/AppSearchSchema$DoublePropertyConfig$Builder;-><init>(Ljava/lang/String;)V,public-api,sdk,system-api,test-api
Landroid/app/appsearch/AppSearchSchema$DoublePropertyConfig$Builder;->build()Landroid/app/appsearch/AppSearchSchema$DoublePropertyConfig;,public-api,sdk,system-api,test-api
Landroid/app/appsearch/AppSearchSchema$DoublePropertyConfig$Builder;->setCardinality(I)Landroid/app/appsearch/AppSearchSchema$DoublePropertyConfig$Builder;,public-api,sdk,system-api,test-api
Landroid/app/appsearch/AppSearchSchema$LongPropertyConfig$Builder;-><init>(Ljava/lang/String;)V,public-api,sdk,system-api,test-api
Landroid/app/appsearch/AppSearchSchema$LongPropertyConfig$Builder;->build()Landroid/app/appsearch/AppSearchSchema$LongPropertyConfig;,public-api,sdk,system-api,test-api
Landroid/app/appsearch/AppSearchSchema$LongPropertyConfig$Builder;->setCardinality(I)Landroid/app/appsearch/AppSearchSchema$LongPropertyConfig$Builder;,public-api,sdk,system-api,test-api
Landroid/app/appsearch/AppSearchSchema$LongPropertyConfig$Builder;->setIndexingType(I)Landroid/app/appsearch/AppSearchSchema$LongPropertyConfig$Builder;,public-api,sdk,system-api,test-api
Landroid/app/appsearch/AppSearchSchema$LongPropertyConfig;->INDEXING_TYPE_NONE:I,public-api,sdk,system-api,test-api
Landroid/app/appsearch/AppSearchSchema$LongPropertyConfig;->INDEXING_TYPE_RANGE:I,public-api,sdk,system-api,test-api
Landroid/app/appsearch/AppSearchSchema$LongPropertyConfig;->getIndexingType()I,public-api,sdk,system-api,test-api
Landroid/app/appsearch/AppSearchSchema$PropertyConfig;->CARDINALITY_OPTIONAL:I,public-api,sdk,system-api,test-api
Landroid/app/appsearch/AppSearchSchema$PropertyConfig;->CARDINALITY_REPEATED:I,public-api,sdk,system-api,test-api
Landroid/app/appsearch/AppSearchSchema$PropertyConfig;->CARDINALITY_REQUIRED:I,public-api,sdk,system-api,test-api
Landroid/app/appsearch/AppSearchSchema$PropertyConfig;->equals(Ljava/lang/Object;)Z,core-platform-api,public-api,sdk,system-api,test-api
Landroid/app/appsearch/AppSearchSchema$PropertyConfig;->getCardinality()I,public-api,sdk,system-api,test-api
Landroid/app/appsearch/AppSearchSchema$PropertyConfig;->getName()Ljava/lang/String;,public-api,sdk,system-api,test-api
Landroid/app/appsearch/AppSearchSchema$PropertyConfig;->hashCode()I,core-platform-api,public-api,sdk,system-api,test-api
Landroid/app/appsearch/AppSearchSchema$PropertyConfig;->toString()Ljava/lang/String;,core-platform-api,public-api,sdk,system-api,test-api
Landroid/app/appsearch/AppSearchSchema$StringPropertyConfig$Builder;-><init>(Ljava/lang/String;)V,public-api,sdk,system-api,test-api
Landroid/app/appsearch/AppSearchSchema$StringPropertyConfig$Builder;->build()Landroid/app/appsearch/AppSearchSchema$StringPropertyConfig;,public-api,sdk,system-api,test-api
Landroid/app/appsearch/AppSearchSchema$StringPropertyConfig$Builder;->setCardinality(I)Landroid/app/appsearch/AppSearchSchema$StringPropertyConfig$Builder;,public-api,sdk,system-api,test-api
Landroid/app/appsearch/AppSearchSchema$StringPropertyConfig$Builder;->setIndexingType(I)Landroid/app/appsearch/AppSearchSchema$StringPropertyConfig$Builder;,public-api,sdk,system-api,test-api
Landroid/app/appsearch/AppSearchSchema$StringPropertyConfig$Builder;->setJoinableValueType(I)Landroid/app/appsearch/AppSearchSchema$StringPropertyConfig$Builder;,public-api,sdk,system-api,test-api
Landroid/app/appsearch/AppSearchSchema$StringPropertyConfig$Builder;->setTokenizerType(I)Landroid/app/appsearch/AppSearchSchema$StringPropertyConfig$Builder;,public-api,sdk,system-api,test-api
Landroid/app/appsearch/AppSearchSchema$StringPropertyConfig;->INDEXING_TYPE_EXACT_TERMS:I,public-api,sdk,system-api,test-api
Landroid/app/appsearch/AppSearchSchema$StringPropertyConfig;->INDEXING_TYPE_NONE:I,public-api,sdk,system-api,test-api
Landroid/app/appsearch/AppSearchSchema$StringPropertyConfig;->INDEXING_TYPE_PREFIXES:I,public-api,sdk,system-api,test-api
Landroid/app/appsearch/AppSearchSchema$StringPropertyConfig;->JOINABLE_VALUE_TYPE_NONE:I,public-api,sdk,system-api,test-api
Landroid/app/appsearch/AppSearchSchema$StringPropertyConfig;->JOINABLE_VALUE_TYPE_QUALIFIED_ID:I,public-api,sdk,system-api,test-api
Landroid/app/appsearch/AppSearchSchema$StringPropertyConfig;->TOKENIZER_TYPE_NONE:I,public-api,sdk,system-api,test-api
Landroid/app/appsearch/AppSearchSchema$StringPropertyConfig;->TOKENIZER_TYPE_PLAIN:I,public-api,sdk,system-api,test-api
Landroid/app/appsearch/AppSearchSchema$StringPropertyConfig;->TOKENIZER_TYPE_RFC822:I,public-api,sdk,system-api,test-api
Landroid/app/appsearch/AppSearchSchema$StringPropertyConfig;->TOKENIZER_TYPE_VERBATIM:I,public-api,sdk,system-api,test-api
Landroid/app/appsearch/AppSearchSchema$StringPropertyConfig;->getIndexingType()I,public-api,sdk,system-api,test-api
Landroid/app/appsearch/AppSearchSchema$StringPropertyConfig;->getJoinableValueType()I,public-api,sdk,system-api,test-api
Landroid/app/appsearch/AppSearchSchema$StringPropertyConfig;->getTokenizerType()I,public-api,sdk,system-api,test-api
Landroid/app/appsearch/AppSearchSchema;->equals(Ljava/lang/Object;)Z,core-platform-api,public-api,sdk,system-api,test-api
Landroid/app/appsearch/AppSearchSchema;->getProperties()Ljava/util/List;,public-api,sdk,system-api,test-api
Landroid/app/appsearch/AppSearchSchema;->getSchemaType()Ljava/lang/String;,public-api,sdk,system-api,test-api
Landroid/app/appsearch/AppSearchSchema;->hashCode()I,core-platform-api,public-api,sdk,system-api,test-api
Landroid/app/appsearch/AppSearchSchema;->toString()Ljava/lang/String;,core-platform-api,public-api,sdk,system-api,test-api
Landroid/app/appsearch/AppSearchSession$$ExternalSyntheticLambda0;->accept(Ljava/lang/Object;)V,core-platform-api,public-api,sdk,system-api,test-api
Landroid/app/appsearch/AppSearchSession$$ExternalSyntheticLambda1;->run()V,core-platform-api,public-api,sdk,system-api,test-api
Landroid/app/appsearch/AppSearchSession$$ExternalSyntheticLambda2;->run()V,core-platform-api,public-api,sdk,system-api,test-api
Landroid/app/appsearch/AppSearchSession$$ExternalSyntheticLambda3;->run()V,core-platform-api,public-api,sdk,system-api,test-api
Landroid/app/appsearch/AppSearchSession$1$$ExternalSyntheticLambda0;->run()V,core-platform-api,public-api,sdk,system-api,test-api
Landroid/app/appsearch/AppSearchSession$2$$ExternalSyntheticLambda0;->run()V,core-platform-api,public-api,sdk,system-api,test-api
Landroid/app/appsearch/AppSearchSession$4$$ExternalSyntheticLambda0;->run()V,core-platform-api,public-api,sdk,system-api,test-api
Landroid/app/appsearch/AppSearchSession$4$$ExternalSyntheticLambda1;->run()V,core-platform-api,public-api,sdk,system-api,test-api
Landroid/app/appsearch/AppSearchSession;->close()V,core-platform-api,public-api,sdk,system-api,test-api
Landroid/app/appsearch/AppSearchSession;->getByDocumentId(Landroid/app/appsearch/GetByDocumentIdRequest;Ljava/util/concurrent/Executor;Landroid/app/appsearch/BatchResultCallback;)V,public-api,sdk,system-api,test-api
Landroid/app/appsearch/AppSearchSession;->getNamespaces(Ljava/util/concurrent/Executor;Ljava/util/function/Consumer;)V,public-api,sdk,system-api,test-api
Landroid/app/appsearch/AppSearchSession;->getSchema(Ljava/util/concurrent/Executor;Ljava/util/function/Consumer;)V,public-api,sdk,system-api,test-api
Landroid/app/appsearch/AppSearchSession;->getStorageInfo(Ljava/util/concurrent/Executor;Ljava/util/function/Consumer;)V,public-api,sdk,system-api,test-api
Landroid/app/appsearch/AppSearchSession;->put(Landroid/app/appsearch/PutDocumentsRequest;Ljava/util/concurrent/Executor;Landroid/app/appsearch/BatchResultCallback;)V,public-api,sdk,system-api,test-api
Landroid/app/appsearch/AppSearchSession;->remove(Landroid/app/appsearch/RemoveByDocumentIdRequest;Ljava/util/concurrent/Executor;Landroid/app/appsearch/BatchResultCallback;)V,public-api,sdk,system-api,test-api
Landroid/app/appsearch/AppSearchSession;->remove(Ljava/lang/String;Landroid/app/appsearch/SearchSpec;Ljava/util/concurrent/Executor;Ljava/util/function/Consumer;)V,public-api,sdk,system-api,test-api
Landroid/app/appsearch/AppSearchSession;->reportUsage(Landroid/app/appsearch/ReportUsageRequest;Ljava/util/concurrent/Executor;Ljava/util/function/Consumer;)V,public-api,sdk,system-api,test-api
Landroid/app/appsearch/AppSearchSession;->search(Ljava/lang/String;Landroid/app/appsearch/SearchSpec;)Landroid/app/appsearch/SearchResults;,public-api,sdk,system-api,test-api
Landroid/app/appsearch/AppSearchSession;->searchSuggestion(Ljava/lang/String;Landroid/app/appsearch/SearchSuggestionSpec;Ljava/util/concurrent/Executor;Ljava/util/function/Consumer;)V,public-api,sdk,system-api,test-api
Landroid/app/appsearch/AppSearchSession;->setSchema(Landroid/app/appsearch/SetSchemaRequest;Ljava/util/concurrent/Executor;Ljava/util/concurrent/Executor;Ljava/util/function/Consumer;)V,public-api,sdk,system-api,test-api
Landroid/app/appsearch/BatchResultCallback;->onResult(Landroid/app/appsearch/AppSearchBatchResult;)V,public-api,sdk,system-api,test-api
Landroid/app/appsearch/BatchResultCallback;->onSystemError(Ljava/lang/Throwable;)V,public-api,sdk,system-api,test-api
Landroid/app/appsearch/GenericDocument$Builder;-><init>(Ljava/lang/String;Ljava/lang/String;Ljava/lang/String;)V,public-api,sdk,system-api,test-api
Landroid/app/appsearch/GenericDocument$Builder;->build()Landroid/app/appsearch/GenericDocument;,public-api,sdk,system-api,test-api
Landroid/app/appsearch/GenericDocument$Builder;->setCreationTimestampMillis(J)Landroid/app/appsearch/GenericDocument$Builder;,public-api,sdk,system-api,test-api
Landroid/app/appsearch/GenericDocument$Builder;->setPropertyBoolean(Ljava/lang/String;[Z)Landroid/app/appsearch/GenericDocument$Builder;,public-api,sdk,system-api,test-api
Landroid/app/appsearch/GenericDocument$Builder;->setPropertyBytes(Ljava/lang/String;[[B)Landroid/app/appsearch/GenericDocument$Builder;,public-api,sdk,system-api,test-api
Landroid/app/appsearch/GenericDocument$Builder;->setPropertyDocument(Ljava/lang/String;[Landroid/app/appsearch/GenericDocument;)Landroid/app/appsearch/GenericDocument$Builder;,public-api,sdk,system-api,test-api
Landroid/app/appsearch/GenericDocument$Builder;->setPropertyDouble(Ljava/lang/String;[D)Landroid/app/appsearch/GenericDocument$Builder;,public-api,sdk,system-api,test-api
Landroid/app/appsearch/GenericDocument$Builder;->setPropertyLong(Ljava/lang/String;[J)Landroid/app/appsearch/GenericDocument$Builder;,public-api,sdk,system-api,test-api
Landroid/app/appsearch/GenericDocument$Builder;->setPropertyString(Ljava/lang/String;[Ljava/lang/String;)Landroid/app/appsearch/GenericDocument$Builder;,public-api,sdk,system-api,test-api
Landroid/app/appsearch/GenericDocument$Builder;->setScore(I)Landroid/app/appsearch/GenericDocument$Builder;,public-api,sdk,system-api,test-api
Landroid/app/appsearch/GenericDocument$Builder;->setTtlMillis(J)Landroid/app/appsearch/GenericDocument$Builder;,public-api,sdk,system-api,test-api
Landroid/app/appsearch/GenericDocument;-><init>(Landroid/app/appsearch/GenericDocument;)V,public-api,sdk,system-api,test-api
Landroid/app/appsearch/GenericDocument;->equals(Ljava/lang/Object;)Z,core-platform-api,public-api,sdk,system-api,test-api
Landroid/app/appsearch/GenericDocument;->getCreationTimestampMillis()J,public-api,sdk,system-api,test-api
Landroid/app/appsearch/GenericDocument;->getId()Ljava/lang/String;,public-api,sdk,system-api,test-api
Landroid/app/appsearch/GenericDocument;->getMaxIndexedProperties()I,public-api,sdk,system-api,test-api
Landroid/app/appsearch/GenericDocument;->getNamespace()Ljava/lang/String;,public-api,sdk,system-api,test-api
Landroid/app/appsearch/GenericDocument;->getProperty(Ljava/lang/String;)Ljava/lang/Object;,public-api,sdk,system-api,test-api
Landroid/app/appsearch/GenericDocument;->getPropertyBoolean(Ljava/lang/String;)Z,public-api,sdk,system-api,test-api
Landroid/app/appsearch/GenericDocument;->getPropertyBooleanArray(Ljava/lang/String;)[Z,public-api,sdk,system-api,test-api
Landroid/app/appsearch/GenericDocument;->getPropertyBytes(Ljava/lang/String;)[B,public-api,sdk,system-api,test-api
Landroid/app/appsearch/GenericDocument;->getPropertyBytesArray(Ljava/lang/String;)[[B,public-api,sdk,system-api,test-api
Landroid/app/appsearch/GenericDocument;->getPropertyDocument(Ljava/lang/String;)Landroid/app/appsearch/GenericDocument;,public-api,sdk,system-api,test-api
Landroid/app/appsearch/GenericDocument;->getPropertyDocumentArray(Ljava/lang/String;)[Landroid/app/appsearch/GenericDocument;,public-api,sdk,system-api,test-api
Landroid/app/appsearch/GenericDocument;->getPropertyDouble(Ljava/lang/String;)D,public-api,sdk,system-api,test-api
Landroid/app/appsearch/GenericDocument;->getPropertyDoubleArray(Ljava/lang/String;)[D,public-api,sdk,system-api,test-api
Landroid/app/appsearch/GenericDocument;->getPropertyLong(Ljava/lang/String;)J,public-api,sdk,system-api,test-api
Landroid/app/appsearch/GenericDocument;->getPropertyLongArray(Ljava/lang/String;)[J,public-api,sdk,system-api,test-api
Landroid/app/appsearch/GenericDocument;->getPropertyNames()Ljava/util/Set;,public-api,sdk,system-api,test-api
Landroid/app/appsearch/GenericDocument;->getPropertyString(Ljava/lang/String;)Ljava/lang/String;,public-api,sdk,system-api,test-api
Landroid/app/appsearch/GenericDocument;->getPropertyStringArray(Ljava/lang/String;)[Ljava/lang/String;,public-api,sdk,system-api,test-api
Landroid/app/appsearch/GenericDocument;->getSchemaType()Ljava/lang/String;,public-api,sdk,system-api,test-api
Landroid/app/appsearch/GenericDocument;->getScore()I,public-api,sdk,system-api,test-api
Landroid/app/appsearch/GenericDocument;->getTtlMillis()J,public-api,sdk,system-api,test-api
Landroid/app/appsearch/GenericDocument;->hashCode()I,core-platform-api,public-api,sdk,system-api,test-api
Landroid/app/appsearch/GenericDocument;->toString()Ljava/lang/String;,core-platform-api,public-api,sdk,system-api,test-api
Landroid/app/appsearch/GetByDocumentIdRequest$Builder;-><init>(Ljava/lang/String;)V,public-api,sdk,system-api,test-api
Landroid/app/appsearch/GetByDocumentIdRequest$Builder;->addIds(Ljava/util/Collection;)Landroid/app/appsearch/GetByDocumentIdRequest$Builder;,public-api,sdk,system-api,test-api
Landroid/app/appsearch/GetByDocumentIdRequest$Builder;->addIds([Ljava/lang/String;)Landroid/app/appsearch/GetByDocumentIdRequest$Builder;,public-api,sdk,system-api,test-api
Landroid/app/appsearch/GetByDocumentIdRequest$Builder;->addProjection(Ljava/lang/String;Ljava/util/Collection;)Landroid/app/appsearch/GetByDocumentIdRequest$Builder;,public-api,sdk,system-api,test-api
Landroid/app/appsearch/GetByDocumentIdRequest$Builder;->addProjectionPaths(Ljava/lang/String;Ljava/util/Collection;)Landroid/app/appsearch/GetByDocumentIdRequest$Builder;,public-api,sdk,system-api,test-api
Landroid/app/appsearch/GetByDocumentIdRequest$Builder;->build()Landroid/app/appsearch/GetByDocumentIdRequest;,public-api,sdk,system-api,test-api
Landroid/app/appsearch/GetByDocumentIdRequest;->PROJECTION_SCHEMA_TYPE_WILDCARD:Ljava/lang/String;,public-api,sdk,system-api,test-api
Landroid/app/appsearch/GetByDocumentIdRequest;->getIds()Ljava/util/Set;,public-api,sdk,system-api,test-api
Landroid/app/appsearch/GetByDocumentIdRequest;->getNamespace()Ljava/lang/String;,public-api,sdk,system-api,test-api
Landroid/app/appsearch/GetByDocumentIdRequest;->getProjectionPaths()Ljava/util/Map;,public-api,sdk,system-api,test-api
Landroid/app/appsearch/GetByDocumentIdRequest;->getProjections()Ljava/util/Map;,public-api,sdk,system-api,test-api
Landroid/app/appsearch/GetSchemaResponse$Builder;-><init>()V,public-api,sdk,system-api,test-api
Landroid/app/appsearch/GetSchemaResponse$Builder;->addSchema(Landroid/app/appsearch/AppSearchSchema;)Landroid/app/appsearch/GetSchemaResponse$Builder;,public-api,sdk,system-api,test-api
Landroid/app/appsearch/GetSchemaResponse$Builder;->addSchemaTypeNotDisplayedBySystem(Ljava/lang/String;)Landroid/app/appsearch/GetSchemaResponse$Builder;,public-api,sdk,system-api,test-api
Landroid/app/appsearch/GetSchemaResponse$Builder;->build()Landroid/app/appsearch/GetSchemaResponse;,public-api,sdk,system-api,test-api
Landroid/app/appsearch/GetSchemaResponse$Builder;->setRequiredPermissionsForSchemaTypeVisibility(Ljava/lang/String;Ljava/util/Set;)Landroid/app/appsearch/GetSchemaResponse$Builder;,public-api,sdk,system-api,test-api
Landroid/app/appsearch/GetSchemaResponse$Builder;->setSchemaTypeVisibleToPackages(Ljava/lang/String;Ljava/util/Set;)Landroid/app/appsearch/GetSchemaResponse$Builder;,public-api,sdk,system-api,test-api
Landroid/app/appsearch/GetSchemaResponse$Builder;->setVersion(I)Landroid/app/appsearch/GetSchemaResponse$Builder;,public-api,sdk,system-api,test-api
Landroid/app/appsearch/GetSchemaResponse;->getRequiredPermissionsForSchemaTypeVisibility()Ljava/util/Map;,public-api,sdk,system-api,test-api
Landroid/app/appsearch/GetSchemaResponse;->getSchemaTypesNotDisplayedBySystem()Ljava/util/Set;,public-api,sdk,system-api,test-api
Landroid/app/appsearch/GetSchemaResponse;->getSchemaTypesVisibleToPackages()Ljava/util/Map;,public-api,sdk,system-api,test-api
Landroid/app/appsearch/GetSchemaResponse;->getSchemas()Ljava/util/Set;,public-api,sdk,system-api,test-api
Landroid/app/appsearch/GetSchemaResponse;->getVersion()I,public-api,sdk,system-api,test-api
Landroid/app/appsearch/GlobalSearchSession$1$$ExternalSyntheticLambda0;->run()V,core-platform-api,public-api,sdk,system-api,test-api
Landroid/app/appsearch/GlobalSearchSession$2$$ExternalSyntheticLambda0;->run()V,core-platform-api,public-api,sdk,system-api,test-api
Landroid/app/appsearch/GlobalSearchSession$4$$ExternalSyntheticLambda0;->accept(Ljava/lang/Object;)V,core-platform-api,public-api,sdk,system-api,test-api
Landroid/app/appsearch/GlobalSearchSession$4$$ExternalSyntheticLambda1;->run()V,core-platform-api,public-api,sdk,system-api,test-api
Landroid/app/appsearch/GlobalSearchSession$4$$ExternalSyntheticLambda2;->run()V,core-platform-api,public-api,sdk,system-api,test-api
Landroid/app/appsearch/GlobalSearchSession;->close()V,core-platform-api,public-api,sdk,system-api,test-api
Landroid/app/appsearch/GlobalSearchSession;->getByDocumentId(Ljava/lang/String;Ljava/lang/String;Landroid/app/appsearch/GetByDocumentIdRequest;Ljava/util/concurrent/Executor;Landroid/app/appsearch/BatchResultCallback;)V,public-api,sdk,system-api,test-api
Landroid/app/appsearch/GlobalSearchSession;->getSchema(Ljava/lang/String;Ljava/lang/String;Ljava/util/concurrent/Executor;Ljava/util/function/Consumer;)V,public-api,sdk,system-api,test-api
Landroid/app/appsearch/GlobalSearchSession;->registerObserverCallback(Ljava/lang/String;Landroid/app/appsearch/observer/ObserverSpec;Ljava/util/concurrent/Executor;Landroid/app/appsearch/observer/ObserverCallback;)V,public-api,sdk,system-api,test-api
Landroid/app/appsearch/GlobalSearchSession;->reportSystemUsage(Landroid/app/appsearch/ReportSystemUsageRequest;Ljava/util/concurrent/Executor;Ljava/util/function/Consumer;)V,public-api,sdk,system-api,test-api
Landroid/app/appsearch/GlobalSearchSession;->search(Ljava/lang/String;Landroid/app/appsearch/SearchSpec;)Landroid/app/appsearch/SearchResults;,public-api,sdk,system-api,test-api
Landroid/app/appsearch/GlobalSearchSession;->unregisterObserverCallback(Ljava/lang/String;Landroid/app/appsearch/observer/ObserverCallback;)V,public-api,sdk,system-api,test-api
Landroid/app/appsearch/JoinSpec$Builder;-><init>(Ljava/lang/String;)V,public-api,sdk,system-api,test-api
Landroid/app/appsearch/JoinSpec$Builder;->build()Landroid/app/appsearch/JoinSpec;,public-api,sdk,system-api,test-api
Landroid/app/appsearch/JoinSpec$Builder;->setAggregationScoringStrategy(I)Landroid/app/appsearch/JoinSpec$Builder;,public-api,sdk,system-api,test-api
Landroid/app/appsearch/JoinSpec$Builder;->setMaxJoinedResultCount(I)Landroid/app/appsearch/JoinSpec$Builder;,public-api,sdk,system-api,test-api
Landroid/app/appsearch/JoinSpec$Builder;->setNestedSearch(Ljava/lang/String;Landroid/app/appsearch/SearchSpec;)Landroid/app/appsearch/JoinSpec$Builder;,public-api,sdk,system-api,test-api
Landroid/app/appsearch/JoinSpec;->AGGREGATION_SCORING_AVG_RANKING_SIGNAL:I,public-api,sdk,system-api,test-api
Landroid/app/appsearch/JoinSpec;->AGGREGATION_SCORING_MAX_RANKING_SIGNAL:I,public-api,sdk,system-api,test-api
Landroid/app/appsearch/JoinSpec;->AGGREGATION_SCORING_MIN_RANKING_SIGNAL:I,public-api,sdk,system-api,test-api
Landroid/app/appsearch/JoinSpec;->AGGREGATION_SCORING_OUTER_RESULT_RANKING_SIGNAL:I,public-api,sdk,system-api,test-api
Landroid/app/appsearch/JoinSpec;->AGGREGATION_SCORING_RESULT_COUNT:I,public-api,sdk,system-api,test-api
Landroid/app/appsearch/JoinSpec;->AGGREGATION_SCORING_SUM_RANKING_SIGNAL:I,public-api,sdk,system-api,test-api
Landroid/app/appsearch/JoinSpec;->getAggregationScoringStrategy()I,public-api,sdk,system-api,test-api
Landroid/app/appsearch/JoinSpec;->getChildPropertyExpression()Ljava/lang/String;,public-api,sdk,system-api,test-api
Landroid/app/appsearch/JoinSpec;->getMaxJoinedResultCount()I,public-api,sdk,system-api,test-api
Landroid/app/appsearch/JoinSpec;->getNestedQuery()Ljava/lang/String;,public-api,sdk,system-api,test-api
Landroid/app/appsearch/JoinSpec;->getNestedSearchSpec()Landroid/app/appsearch/SearchSpec;,public-api,sdk,system-api,test-api
Landroid/app/appsearch/Migrator;-><init>()V,public-api,sdk,system-api,test-api
Landroid/app/appsearch/Migrator;->onDowngrade(IILandroid/app/appsearch/GenericDocument;)Landroid/app/appsearch/GenericDocument;,public-api,sdk,system-api,test-api
Landroid/app/appsearch/Migrator;->onUpgrade(IILandroid/app/appsearch/GenericDocument;)Landroid/app/appsearch/GenericDocument;,public-api,sdk,system-api,test-api
Landroid/app/appsearch/Migrator;->shouldMigrate(II)Z,public-api,sdk,system-api,test-api
Landroid/app/appsearch/PackageIdentifier;-><init>(Ljava/lang/String;[B)V,public-api,sdk,system-api,test-api
Landroid/app/appsearch/PackageIdentifier;->equals(Ljava/lang/Object;)Z,core-platform-api,public-api,sdk,system-api,test-api
Landroid/app/appsearch/PackageIdentifier;->getPackageName()Ljava/lang/String;,public-api,sdk,system-api,test-api
Landroid/app/appsearch/PackageIdentifier;->getSha256Certificate()[B,public-api,sdk,system-api,test-api
Landroid/app/appsearch/PackageIdentifier;->hashCode()I,core-platform-api,public-api,sdk,system-api,test-api
Landroid/app/appsearch/PropertyPath$PathSegment;->NON_REPEATED_CARDINALITY:I,public-api,sdk,system-api,test-api
Landroid/app/appsearch/PropertyPath$PathSegment;->create(Ljava/lang/String;)Landroid/app/appsearch/PropertyPath$PathSegment;,public-api,sdk,system-api,test-api
Landroid/app/appsearch/PropertyPath$PathSegment;->create(Ljava/lang/String;I)Landroid/app/appsearch/PropertyPath$PathSegment;,public-api,sdk,system-api,test-api
Landroid/app/appsearch/PropertyPath$PathSegment;->equals(Ljava/lang/Object;)Z,core-platform-api,public-api,sdk,system-api,test-api
Landroid/app/appsearch/PropertyPath$PathSegment;->getPropertyIndex()I,public-api,sdk,system-api,test-api
Landroid/app/appsearch/PropertyPath$PathSegment;->getPropertyName()Ljava/lang/String;,public-api,sdk,system-api,test-api
Landroid/app/appsearch/PropertyPath$PathSegment;->hashCode()I,core-platform-api,public-api,sdk,system-api,test-api
Landroid/app/appsearch/PropertyPath$PathSegment;->toString()Ljava/lang/String;,core-platform-api,public-api,sdk,system-api,test-api
Landroid/app/appsearch/PropertyPath;-><init>(Ljava/lang/String;)V,public-api,sdk,system-api,test-api
Landroid/app/appsearch/PropertyPath;-><init>(Ljava/util/List;)V,public-api,sdk,system-api,test-api
Landroid/app/appsearch/PropertyPath;->equals(Ljava/lang/Object;)Z,core-platform-api,public-api,sdk,system-api,test-api
Landroid/app/appsearch/PropertyPath;->get(I)Landroid/app/appsearch/PropertyPath$PathSegment;,public-api,sdk,system-api,test-api
Landroid/app/appsearch/PropertyPath;->hashCode()I,core-platform-api,public-api,sdk,system-api,test-api
Landroid/app/appsearch/PropertyPath;->iterator()Ljava/util/Iterator;,core-platform-api,public-api,sdk,system-api,test-api
Landroid/app/appsearch/PropertyPath;->size()I,public-api,sdk,system-api,test-api
Landroid/app/appsearch/PropertyPath;->toString()Ljava/lang/String;,core-platform-api,public-api,sdk,system-api,test-api
Landroid/app/appsearch/PutDocumentsRequest$Builder;-><init>()V,public-api,sdk,system-api,test-api
Landroid/app/appsearch/PutDocumentsRequest$Builder;->addGenericDocuments(Ljava/util/Collection;)Landroid/app/appsearch/PutDocumentsRequest$Builder;,public-api,sdk,system-api,test-api
Landroid/app/appsearch/PutDocumentsRequest$Builder;->addGenericDocuments([Landroid/app/appsearch/GenericDocument;)Landroid/app/appsearch/PutDocumentsRequest$Builder;,public-api,sdk,system-api,test-api
Landroid/app/appsearch/PutDocumentsRequest$Builder;->build()Landroid/app/appsearch/PutDocumentsRequest;,public-api,sdk,system-api,test-api
Landroid/app/appsearch/PutDocumentsRequest;->getGenericDocuments()Ljava/util/List;,public-api,sdk,system-api,test-api
Landroid/app/appsearch/RemoveByDocumentIdRequest$Builder;-><init>(Ljava/lang/String;)V,public-api,sdk,system-api,test-api
Landroid/app/appsearch/RemoveByDocumentIdRequest$Builder;->addIds(Ljava/util/Collection;)Landroid/app/appsearch/RemoveByDocumentIdRequest$Builder;,public-api,sdk,system-api,test-api
Landroid/app/appsearch/RemoveByDocumentIdRequest$Builder;->addIds([Ljava/lang/String;)Landroid/app/appsearch/RemoveByDocumentIdRequest$Builder;,public-api,sdk,system-api,test-api
Landroid/app/appsearch/RemoveByDocumentIdRequest$Builder;->build()Landroid/app/appsearch/RemoveByDocumentIdRequest;,public-api,sdk,system-api,test-api
Landroid/app/appsearch/RemoveByDocumentIdRequest;->getIds()Ljava/util/Set;,public-api,sdk,system-api,test-api
Landroid/app/appsearch/RemoveByDocumentIdRequest;->getNamespace()Ljava/lang/String;,public-api,sdk,system-api,test-api
Landroid/app/appsearch/ReportSystemUsageRequest$Builder;-><init>(Ljava/lang/String;Ljava/lang/String;Ljava/lang/String;Ljava/lang/String;)V,public-api,sdk,system-api,test-api
Landroid/app/appsearch/ReportSystemUsageRequest$Builder;->build()Landroid/app/appsearch/ReportSystemUsageRequest;,public-api,sdk,system-api,test-api
Landroid/app/appsearch/ReportSystemUsageRequest$Builder;->setUsageTimestampMillis(J)Landroid/app/appsearch/ReportSystemUsageRequest$Builder;,public-api,sdk,system-api,test-api
Landroid/app/appsearch/ReportSystemUsageRequest;->getDatabaseName()Ljava/lang/String;,public-api,sdk,system-api,test-api
Landroid/app/appsearch/ReportSystemUsageRequest;->getDocumentId()Ljava/lang/String;,public-api,sdk,system-api,test-api
Landroid/app/appsearch/ReportSystemUsageRequest;->getNamespace()Ljava/lang/String;,public-api,sdk,system-api,test-api
Landroid/app/appsearch/ReportSystemUsageRequest;->getPackageName()Ljava/lang/String;,public-api,sdk,system-api,test-api
Landroid/app/appsearch/ReportSystemUsageRequest;->getUsageTimestampMillis()J,public-api,sdk,system-api,test-api
Landroid/app/appsearch/ReportUsageRequest$Builder;-><init>(Ljava/lang/String;Ljava/lang/String;)V,public-api,sdk,system-api,test-api
Landroid/app/appsearch/ReportUsageRequest$Builder;->build()Landroid/app/appsearch/ReportUsageRequest;,public-api,sdk,system-api,test-api
Landroid/app/appsearch/ReportUsageRequest$Builder;->setUsageTimestampMillis(J)Landroid/app/appsearch/ReportUsageRequest$Builder;,public-api,sdk,system-api,test-api
Landroid/app/appsearch/ReportUsageRequest;->getDocumentId()Ljava/lang/String;,public-api,sdk,system-api,test-api
Landroid/app/appsearch/ReportUsageRequest;->getNamespace()Ljava/lang/String;,public-api,sdk,system-api,test-api
Landroid/app/appsearch/ReportUsageRequest;->getUsageTimestampMillis()J,public-api,sdk,system-api,test-api
Landroid/app/appsearch/SearchResult$Builder;-><init>(Ljava/lang/String;Ljava/lang/String;)V,public-api,sdk,system-api,test-api
Landroid/app/appsearch/SearchResult$Builder;->addJoinedResult(Landroid/app/appsearch/SearchResult;)Landroid/app/appsearch/SearchResult$Builder;,public-api,sdk,system-api,test-api
Landroid/app/appsearch/SearchResult$Builder;->addMatchInfo(Landroid/app/appsearch/SearchResult$MatchInfo;)Landroid/app/appsearch/SearchResult$Builder;,public-api,sdk,system-api,test-api
Landroid/app/appsearch/SearchResult$Builder;->build()Landroid/app/appsearch/SearchResult;,public-api,sdk,system-api,test-api
Landroid/app/appsearch/SearchResult$Builder;->setGenericDocument(Landroid/app/appsearch/GenericDocument;)Landroid/app/appsearch/SearchResult$Builder;,public-api,sdk,system-api,test-api
Landroid/app/appsearch/SearchResult$Builder;->setRankingSignal(D)Landroid/app/appsearch/SearchResult$Builder;,public-api,sdk,system-api,test-api
Landroid/app/appsearch/SearchResult$MatchInfo$Builder;-><init>(Ljava/lang/String;)V,public-api,sdk,system-api,test-api
Landroid/app/appsearch/SearchResult$MatchInfo$Builder;->build()Landroid/app/appsearch/SearchResult$MatchInfo;,public-api,sdk,system-api,test-api
Landroid/app/appsearch/SearchResult$MatchInfo$Builder;->setExactMatchRange(Landroid/app/appsearch/SearchResult$MatchRange;)Landroid/app/appsearch/SearchResult$MatchInfo$Builder;,public-api,sdk,system-api,test-api
Landroid/app/appsearch/SearchResult$MatchInfo$Builder;->setSnippetRange(Landroid/app/appsearch/SearchResult$MatchRange;)Landroid/app/appsearch/SearchResult$MatchInfo$Builder;,public-api,sdk,system-api,test-api
Landroid/app/appsearch/SearchResult$MatchInfo$Builder;->setSubmatchRange(Landroid/app/appsearch/SearchResult$MatchRange;)Landroid/app/appsearch/SearchResult$MatchInfo$Builder;,public-api,sdk,system-api,test-api
Landroid/app/appsearch/SearchResult$MatchInfo;->getExactMatch()Ljava/lang/CharSequence;,public-api,sdk,system-api,test-api
Landroid/app/appsearch/SearchResult$MatchInfo;->getExactMatchRange()Landroid/app/appsearch/SearchResult$MatchRange;,public-api,sdk,system-api,test-api
Landroid/app/appsearch/SearchResult$MatchInfo;->getFullText()Ljava/lang/String;,public-api,sdk,system-api,test-api
Landroid/app/appsearch/SearchResult$MatchInfo;->getPropertyPath()Ljava/lang/String;,public-api,sdk,system-api,test-api
Landroid/app/appsearch/SearchResult$MatchInfo;->getPropertyPathObject()Landroid/app/appsearch/PropertyPath;,public-api,sdk,system-api,test-api
Landroid/app/appsearch/SearchResult$MatchInfo;->getSnippet()Ljava/lang/CharSequence;,public-api,sdk,system-api,test-api
Landroid/app/appsearch/SearchResult$MatchInfo;->getSnippetRange()Landroid/app/appsearch/SearchResult$MatchRange;,public-api,sdk,system-api,test-api
Landroid/app/appsearch/SearchResult$MatchInfo;->getSubmatch()Ljava/lang/CharSequence;,public-api,sdk,system-api,test-api
Landroid/app/appsearch/SearchResult$MatchInfo;->getSubmatchRange()Landroid/app/appsearch/SearchResult$MatchRange;,public-api,sdk,system-api,test-api
Landroid/app/appsearch/SearchResult$MatchRange;-><init>(II)V,public-api,sdk,system-api,test-api
Landroid/app/appsearch/SearchResult$MatchRange;->equals(Ljava/lang/Object;)Z,core-platform-api,public-api,sdk,system-api,test-api
Landroid/app/appsearch/SearchResult$MatchRange;->getEnd()I,public-api,sdk,system-api,test-api
Landroid/app/appsearch/SearchResult$MatchRange;->getStart()I,public-api,sdk,system-api,test-api
Landroid/app/appsearch/SearchResult$MatchRange;->hashCode()I,core-platform-api,public-api,sdk,system-api,test-api
Landroid/app/appsearch/SearchResult$MatchRange;->toString()Ljava/lang/String;,core-platform-api,public-api,sdk,system-api,test-api
Landroid/app/appsearch/SearchResult;->getDatabaseName()Ljava/lang/String;,public-api,sdk,system-api,test-api
Landroid/app/appsearch/SearchResult;->getGenericDocument()Landroid/app/appsearch/GenericDocument;,public-api,sdk,system-api,test-api
Landroid/app/appsearch/SearchResult;->getJoinedResults()Ljava/util/List;,public-api,sdk,system-api,test-api
Landroid/app/appsearch/SearchResult;->getMatchInfos()Ljava/util/List;,public-api,sdk,system-api,test-api
Landroid/app/appsearch/SearchResult;->getPackageName()Ljava/lang/String;,public-api,sdk,system-api,test-api
Landroid/app/appsearch/SearchResult;->getRankingSignal()D,public-api,sdk,system-api,test-api
Landroid/app/appsearch/SearchResults$1$$ExternalSyntheticLambda0;->run()V,core-platform-api,public-api,sdk,system-api,test-api
Landroid/app/appsearch/SearchResults;->close()V,core-platform-api,public-api,sdk,system-api,test-api
Landroid/app/appsearch/SearchResults;->getNextPage(Ljava/util/concurrent/Executor;Ljava/util/function/Consumer;)V,public-api,sdk,system-api,test-api
Landroid/app/appsearch/SearchSessionUtil$1$$ExternalSyntheticLambda0;->run()V,core-platform-api,public-api,sdk,system-api,test-api
Landroid/app/appsearch/SearchSpec$Builder;-><init>()V,public-api,sdk,system-api,test-api
Landroid/app/appsearch/SearchSpec$Builder;->addFilterNamespaces(Ljava/util/Collection;)Landroid/app/appsearch/SearchSpec$Builder;,public-api,sdk,system-api,test-api
Landroid/app/appsearch/SearchSpec$Builder;->addFilterNamespaces([Ljava/lang/String;)Landroid/app/appsearch/SearchSpec$Builder;,public-api,sdk,system-api,test-api
Landroid/app/appsearch/SearchSpec$Builder;->addFilterPackageNames(Ljava/util/Collection;)Landroid/app/appsearch/SearchSpec$Builder;,public-api,sdk,system-api,test-api
Landroid/app/appsearch/SearchSpec$Builder;->addFilterPackageNames([Ljava/lang/String;)Landroid/app/appsearch/SearchSpec$Builder;,public-api,sdk,system-api,test-api
Landroid/app/appsearch/SearchSpec$Builder;->addFilterSchemas(Ljava/util/Collection;)Landroid/app/appsearch/SearchSpec$Builder;,public-api,sdk,system-api,test-api
Landroid/app/appsearch/SearchSpec$Builder;->addFilterSchemas([Ljava/lang/String;)Landroid/app/appsearch/SearchSpec$Builder;,public-api,sdk,system-api,test-api
Landroid/app/appsearch/SearchSpec$Builder;->addProjection(Ljava/lang/String;Ljava/util/Collection;)Landroid/app/appsearch/SearchSpec$Builder;,public-api,sdk,system-api,test-api
Landroid/app/appsearch/SearchSpec$Builder;->addProjectionPaths(Ljava/lang/String;Ljava/util/Collection;)Landroid/app/appsearch/SearchSpec$Builder;,public-api,sdk,system-api,test-api
Landroid/app/appsearch/SearchSpec$Builder;->build()Landroid/app/appsearch/SearchSpec;,public-api,sdk,system-api,test-api
Landroid/app/appsearch/SearchSpec$Builder;->setJoinSpec(Landroid/app/appsearch/JoinSpec;)Landroid/app/appsearch/SearchSpec$Builder;,public-api,sdk,system-api,test-api
Landroid/app/appsearch/SearchSpec$Builder;->setListFilterQueryLanguageEnabled(Z)Landroid/app/appsearch/SearchSpec$Builder;,public-api,sdk,system-api,test-api
Landroid/app/appsearch/SearchSpec$Builder;->setMaxSnippetSize(I)Landroid/app/appsearch/SearchSpec$Builder;,public-api,sdk,system-api,test-api
Landroid/app/appsearch/SearchSpec$Builder;->setNumericSearchEnabled(Z)Landroid/app/appsearch/SearchSpec$Builder;,public-api,sdk,system-api,test-api
Landroid/app/appsearch/SearchSpec$Builder;->setOrder(I)Landroid/app/appsearch/SearchSpec$Builder;,public-api,sdk,system-api,test-api
Landroid/app/appsearch/SearchSpec$Builder;->setPropertyWeightPaths(Ljava/lang/String;Ljava/util/Map;)Landroid/app/appsearch/SearchSpec$Builder;,public-api,sdk,system-api,test-api
Landroid/app/appsearch/SearchSpec$Builder;->setPropertyWeights(Ljava/lang/String;Ljava/util/Map;)Landroid/app/appsearch/SearchSpec$Builder;,public-api,sdk,system-api,test-api
Landroid/app/appsearch/SearchSpec$Builder;->setRankingStrategy(I)Landroid/app/appsearch/SearchSpec$Builder;,public-api,sdk,system-api,test-api
Landroid/app/appsearch/SearchSpec$Builder;->setRankingStrategy(Ljava/lang/String;)Landroid/app/appsearch/SearchSpec$Builder;,public-api,sdk,system-api,test-api
Landroid/app/appsearch/SearchSpec$Builder;->setResultCountPerPage(I)Landroid/app/appsearch/SearchSpec$Builder;,public-api,sdk,system-api,test-api
Landroid/app/appsearch/SearchSpec$Builder;->setResultGrouping(II)Landroid/app/appsearch/SearchSpec$Builder;,public-api,sdk,system-api,test-api
Landroid/app/appsearch/SearchSpec$Builder;->setSnippetCount(I)Landroid/app/appsearch/SearchSpec$Builder;,public-api,sdk,system-api,test-api
Landroid/app/appsearch/SearchSpec$Builder;->setSnippetCountPerProperty(I)Landroid/app/appsearch/SearchSpec$Builder;,public-api,sdk,system-api,test-api
Landroid/app/appsearch/SearchSpec$Builder;->setTermMatch(I)Landroid/app/appsearch/SearchSpec$Builder;,public-api,sdk,system-api,test-api
Landroid/app/appsearch/SearchSpec$Builder;->setVerbatimSearchEnabled(Z)Landroid/app/appsearch/SearchSpec$Builder;,public-api,sdk,system-api,test-api
Landroid/app/appsearch/SearchSpec;->GROUPING_TYPE_PER_NAMESPACE:I,public-api,sdk,system-api,test-api
Landroid/app/appsearch/SearchSpec;->GROUPING_TYPE_PER_PACKAGE:I,public-api,sdk,system-api,test-api
Landroid/app/appsearch/SearchSpec;->ORDER_ASCENDING:I,public-api,sdk,system-api,test-api
Landroid/app/appsearch/SearchSpec;->ORDER_DESCENDING:I,public-api,sdk,system-api,test-api
Landroid/app/appsearch/SearchSpec;->PROJECTION_SCHEMA_TYPE_WILDCARD:Ljava/lang/String;,public-api,sdk,system-api,test-api
Landroid/app/appsearch/SearchSpec;->RANKING_STRATEGY_ADVANCED_RANKING_EXPRESSION:I,public-api,sdk,system-api,test-api
Landroid/app/appsearch/SearchSpec;->RANKING_STRATEGY_CREATION_TIMESTAMP:I,public-api,sdk,system-api,test-api
Landroid/app/appsearch/SearchSpec;->RANKING_STRATEGY_DOCUMENT_SCORE:I,public-api,sdk,system-api,test-api
Landroid/app/appsearch/SearchSpec;->RANKING_STRATEGY_JOIN_AGGREGATE_SCORE:I,public-api,sdk,system-api,test-api
Landroid/app/appsearch/SearchSpec;->RANKING_STRATEGY_NONE:I,public-api,sdk,system-api,test-api
Landroid/app/appsearch/SearchSpec;->RANKING_STRATEGY_RELEVANCE_SCORE:I,public-api,sdk,system-api,test-api
Landroid/app/appsearch/SearchSpec;->RANKING_STRATEGY_SYSTEM_USAGE_COUNT:I,public-api,sdk,system-api,test-api
Landroid/app/appsearch/SearchSpec;->RANKING_STRATEGY_SYSTEM_USAGE_LAST_USED_TIMESTAMP:I,public-api,sdk,system-api,test-api
Landroid/app/appsearch/SearchSpec;->RANKING_STRATEGY_USAGE_COUNT:I,public-api,sdk,system-api,test-api
Landroid/app/appsearch/SearchSpec;->RANKING_STRATEGY_USAGE_LAST_USED_TIMESTAMP:I,public-api,sdk,system-api,test-api
Landroid/app/appsearch/SearchSpec;->TERM_MATCH_EXACT_ONLY:I,public-api,sdk,system-api,test-api
Landroid/app/appsearch/SearchSpec;->TERM_MATCH_PREFIX:I,public-api,sdk,system-api,test-api
Landroid/app/appsearch/SearchSpec;->getAdvancedRankingExpression()Ljava/lang/String;,public-api,sdk,system-api,test-api
Landroid/app/appsearch/SearchSpec;->getFilterNamespaces()Ljava/util/List;,public-api,sdk,system-api,test-api
Landroid/app/appsearch/SearchSpec;->getFilterPackageNames()Ljava/util/List;,public-api,sdk,system-api,test-api
Landroid/app/appsearch/SearchSpec;->getFilterSchemas()Ljava/util/List;,public-api,sdk,system-api,test-api
Landroid/app/appsearch/SearchSpec;->getJoinSpec()Landroid/app/appsearch/JoinSpec;,public-api,sdk,system-api,test-api
Landroid/app/appsearch/SearchSpec;->getMaxSnippetSize()I,public-api,sdk,system-api,test-api
Landroid/app/appsearch/SearchSpec;->getOrder()I,public-api,sdk,system-api,test-api
Landroid/app/appsearch/SearchSpec;->getProjectionPaths()Ljava/util/Map;,public-api,sdk,system-api,test-api
Landroid/app/appsearch/SearchSpec;->getProjections()Ljava/util/Map;,public-api,sdk,system-api,test-api
Landroid/app/appsearch/SearchSpec;->getPropertyWeightPaths()Ljava/util/Map;,public-api,sdk,system-api,test-api
Landroid/app/appsearch/SearchSpec;->getPropertyWeights()Ljava/util/Map;,public-api,sdk,system-api,test-api
Landroid/app/appsearch/SearchSpec;->getRankingStrategy()I,public-api,sdk,system-api,test-api
Landroid/app/appsearch/SearchSpec;->getResultCountPerPage()I,public-api,sdk,system-api,test-api
Landroid/app/appsearch/SearchSpec;->getResultGroupingLimit()I,public-api,sdk,system-api,test-api
Landroid/app/appsearch/SearchSpec;->getResultGroupingTypeFlags()I,public-api,sdk,system-api,test-api
Landroid/app/appsearch/SearchSpec;->getSnippetCount()I,public-api,sdk,system-api,test-api
Landroid/app/appsearch/SearchSpec;->getSnippetCountPerProperty()I,public-api,sdk,system-api,test-api
Landroid/app/appsearch/SearchSpec;->getTermMatch()I,public-api,sdk,system-api,test-api
Landroid/app/appsearch/SearchSpec;->isListFilterQueryLanguageEnabled()Z,public-api,sdk,system-api,test-api
Landroid/app/appsearch/SearchSpec;->isNumericSearchEnabled()Z,public-api,sdk,system-api,test-api
Landroid/app/appsearch/SearchSpec;->isVerbatimSearchEnabled()Z,public-api,sdk,system-api,test-api
Landroid/app/appsearch/SearchSuggestionResult$Builder;-><init>()V,public-api,sdk,system-api,test-api
Landroid/app/appsearch/SearchSuggestionResult$Builder;->build()Landroid/app/appsearch/SearchSuggestionResult;,public-api,sdk,system-api,test-api
Landroid/app/appsearch/SearchSuggestionResult$Builder;->setSuggestedResult(Ljava/lang/String;)Landroid/app/appsearch/SearchSuggestionResult$Builder;,public-api,sdk,system-api,test-api
Landroid/app/appsearch/SearchSuggestionResult;->equals(Ljava/lang/Object;)Z,core-platform-api,public-api,sdk,system-api,test-api
Landroid/app/appsearch/SearchSuggestionResult;->getSuggestedResult()Ljava/lang/String;,public-api,sdk,system-api,test-api
Landroid/app/appsearch/SearchSuggestionResult;->hashCode()I,core-platform-api,public-api,sdk,system-api,test-api
Landroid/app/appsearch/SearchSuggestionSpec$Builder;-><init>(I)V,public-api,sdk,system-api,test-api
Landroid/app/appsearch/SearchSuggestionSpec$Builder;->addFilterDocumentIds(Ljava/lang/String;Ljava/util/Collection;)Landroid/app/appsearch/SearchSuggestionSpec$Builder;,public-api,sdk,system-api,test-api
Landroid/app/appsearch/SearchSuggestionSpec$Builder;->addFilterDocumentIds(Ljava/lang/String;[Ljava/lang/String;)Landroid/app/appsearch/SearchSuggestionSpec$Builder;,public-api,sdk,system-api,test-api
Landroid/app/appsearch/SearchSuggestionSpec$Builder;->addFilterNamespaces(Ljava/util/Collection;)Landroid/app/appsearch/SearchSuggestionSpec$Builder;,public-api,sdk,system-api,test-api
Landroid/app/appsearch/SearchSuggestionSpec$Builder;->addFilterNamespaces([Ljava/lang/String;)Landroid/app/appsearch/SearchSuggestionSpec$Builder;,public-api,sdk,system-api,test-api
Landroid/app/appsearch/SearchSuggestionSpec$Builder;->addFilterSchemas(Ljava/util/Collection;)Landroid/app/appsearch/SearchSuggestionSpec$Builder;,public-api,sdk,system-api,test-api
Landroid/app/appsearch/SearchSuggestionSpec$Builder;->addFilterSchemas([Ljava/lang/String;)Landroid/app/appsearch/SearchSuggestionSpec$Builder;,public-api,sdk,system-api,test-api
Landroid/app/appsearch/SearchSuggestionSpec$Builder;->build()Landroid/app/appsearch/SearchSuggestionSpec;,public-api,sdk,system-api,test-api
Landroid/app/appsearch/SearchSuggestionSpec$Builder;->setRankingStrategy(I)Landroid/app/appsearch/SearchSuggestionSpec$Builder;,public-api,sdk,system-api,test-api
Landroid/app/appsearch/SearchSuggestionSpec;->SUGGESTION_RANKING_STRATEGY_DOCUMENT_COUNT:I,public-api,sdk,system-api,test-api
Landroid/app/appsearch/SearchSuggestionSpec;->SUGGESTION_RANKING_STRATEGY_NONE:I,public-api,sdk,system-api,test-api
Landroid/app/appsearch/SearchSuggestionSpec;->SUGGESTION_RANKING_STRATEGY_TERM_FREQUENCY:I,public-api,sdk,system-api,test-api
Landroid/app/appsearch/SearchSuggestionSpec;->getFilterDocumentIds()Ljava/util/Map;,public-api,sdk,system-api,test-api
Landroid/app/appsearch/SearchSuggestionSpec;->getFilterNamespaces()Ljava/util/List;,public-api,sdk,system-api,test-api
Landroid/app/appsearch/SearchSuggestionSpec;->getFilterSchemas()Ljava/util/List;,public-api,sdk,system-api,test-api
Landroid/app/appsearch/SearchSuggestionSpec;->getMaximumResultCount()I,public-api,sdk,system-api,test-api
Landroid/app/appsearch/SearchSuggestionSpec;->getRankingStrategy()I,public-api,sdk,system-api,test-api
Landroid/app/appsearch/SetSchemaRequest$Builder;-><init>()V,public-api,sdk,system-api,test-api
Landroid/app/appsearch/SetSchemaRequest$Builder;->addRequiredPermissionsForSchemaTypeVisibility(Ljava/lang/String;Ljava/util/Set;)Landroid/app/appsearch/SetSchemaRequest$Builder;,public-api,sdk,system-api,test-api
Landroid/app/appsearch/SetSchemaRequest$Builder;->addSchemas(Ljava/util/Collection;)Landroid/app/appsearch/SetSchemaRequest$Builder;,public-api,sdk,system-api,test-api
Landroid/app/appsearch/SetSchemaRequest$Builder;->addSchemas([Landroid/app/appsearch/AppSearchSchema;)Landroid/app/appsearch/SetSchemaRequest$Builder;,public-api,sdk,system-api,test-api
Landroid/app/appsearch/SetSchemaRequest$Builder;->build()Landroid/app/appsearch/SetSchemaRequest;,public-api,sdk,system-api,test-api
Landroid/app/appsearch/SetSchemaRequest$Builder;->clearRequiredPermissionsForSchemaTypeVisibility(Ljava/lang/String;)Landroid/app/appsearch/SetSchemaRequest$Builder;,public-api,sdk,system-api,test-api
Landroid/app/appsearch/SetSchemaRequest$Builder;->setForceOverride(Z)Landroid/app/appsearch/SetSchemaRequest$Builder;,public-api,sdk,system-api,test-api
Landroid/app/appsearch/SetSchemaRequest$Builder;->setMigrator(Ljava/lang/String;Landroid/app/appsearch/Migrator;)Landroid/app/appsearch/SetSchemaRequest$Builder;,public-api,sdk,system-api,test-api
Landroid/app/appsearch/SetSchemaRequest$Builder;->setMigrators(Ljava/util/Map;)Landroid/app/appsearch/SetSchemaRequest$Builder;,public-api,sdk,system-api,test-api
Landroid/app/appsearch/SetSchemaRequest$Builder;->setSchemaTypeDisplayedBySystem(Ljava/lang/String;Z)Landroid/app/appsearch/SetSchemaRequest$Builder;,public-api,sdk,system-api,test-api
Landroid/app/appsearch/SetSchemaRequest$Builder;->setSchemaTypeVisibilityForPackage(Ljava/lang/String;ZLandroid/app/appsearch/PackageIdentifier;)Landroid/app/appsearch/SetSchemaRequest$Builder;,public-api,sdk,system-api,test-api
Landroid/app/appsearch/SetSchemaRequest$Builder;->setVersion(I)Landroid/app/appsearch/SetSchemaRequest$Builder;,public-api,sdk,system-api,test-api
Landroid/app/appsearch/SetSchemaRequest;->READ_ASSISTANT_APP_SEARCH_DATA:I,public-api,sdk,system-api,test-api
Landroid/app/appsearch/SetSchemaRequest;->READ_CALENDAR:I,public-api,sdk,system-api,test-api
Landroid/app/appsearch/SetSchemaRequest;->READ_CONTACTS:I,public-api,sdk,system-api,test-api
Landroid/app/appsearch/SetSchemaRequest;->READ_EXTERNAL_STORAGE:I,public-api,sdk,system-api,test-api
Landroid/app/appsearch/SetSchemaRequest;->READ_HOME_APP_SEARCH_DATA:I,public-api,sdk,system-api,test-api
Landroid/app/appsearch/SetSchemaRequest;->READ_SMS:I,public-api,sdk,system-api,test-api
Landroid/app/appsearch/SetSchemaRequest;->getMigrators()Ljava/util/Map;,public-api,sdk,system-api,test-api
Landroid/app/appsearch/SetSchemaRequest;->getRequiredPermissionsForSchemaTypeVisibility()Ljava/util/Map;,public-api,sdk,system-api,test-api
Landroid/app/appsearch/SetSchemaRequest;->getSchemas()Ljava/util/Set;,public-api,sdk,system-api,test-api
Landroid/app/appsearch/SetSchemaRequest;->getSchemasNotDisplayedBySystem()Ljava/util/Set;,public-api,sdk,system-api,test-api
Landroid/app/appsearch/SetSchemaRequest;->getSchemasVisibleToPackages()Ljava/util/Map;,public-api,sdk,system-api,test-api
Landroid/app/appsearch/SetSchemaRequest;->getVersion()I,public-api,sdk,system-api,test-api
Landroid/app/appsearch/SetSchemaRequest;->isForceOverride()Z,public-api,sdk,system-api,test-api
Landroid/app/appsearch/SetSchemaResponse$Builder;-><init>()V,public-api,sdk,system-api,test-api
Landroid/app/appsearch/SetSchemaResponse$Builder;->addDeletedType(Ljava/lang/String;)Landroid/app/appsearch/SetSchemaResponse$Builder;,public-api,sdk,system-api,test-api
Landroid/app/appsearch/SetSchemaResponse$Builder;->addDeletedTypes(Ljava/util/Collection;)Landroid/app/appsearch/SetSchemaResponse$Builder;,public-api,sdk,system-api,test-api
Landroid/app/appsearch/SetSchemaResponse$Builder;->addIncompatibleType(Ljava/lang/String;)Landroid/app/appsearch/SetSchemaResponse$Builder;,public-api,sdk,system-api,test-api
Landroid/app/appsearch/SetSchemaResponse$Builder;->addIncompatibleTypes(Ljava/util/Collection;)Landroid/app/appsearch/SetSchemaResponse$Builder;,public-api,sdk,system-api,test-api
Landroid/app/appsearch/SetSchemaResponse$Builder;->addMigratedType(Ljava/lang/String;)Landroid/app/appsearch/SetSchemaResponse$Builder;,public-api,sdk,system-api,test-api
Landroid/app/appsearch/SetSchemaResponse$Builder;->addMigratedTypes(Ljava/util/Collection;)Landroid/app/appsearch/SetSchemaResponse$Builder;,public-api,sdk,system-api,test-api
Landroid/app/appsearch/SetSchemaResponse$Builder;->addMigrationFailure(Landroid/app/appsearch/SetSchemaResponse$MigrationFailure;)Landroid/app/appsearch/SetSchemaResponse$Builder;,public-api,sdk,system-api,test-api
Landroid/app/appsearch/SetSchemaResponse$Builder;->addMigrationFailures(Ljava/util/Collection;)Landroid/app/appsearch/SetSchemaResponse$Builder;,public-api,sdk,system-api,test-api
Landroid/app/appsearch/SetSchemaResponse$Builder;->build()Landroid/app/appsearch/SetSchemaResponse;,public-api,sdk,system-api,test-api
Landroid/app/appsearch/SetSchemaResponse$MigrationFailure;-><init>(Ljava/lang/String;Ljava/lang/String;Ljava/lang/String;Landroid/app/appsearch/AppSearchResult;)V,public-api,sdk,system-api,test-api
Landroid/app/appsearch/SetSchemaResponse$MigrationFailure;->getAppSearchResult()Landroid/app/appsearch/AppSearchResult;,public-api,sdk,system-api,test-api
Landroid/app/appsearch/SetSchemaResponse$MigrationFailure;->getDocumentId()Ljava/lang/String;,public-api,sdk,system-api,test-api
Landroid/app/appsearch/SetSchemaResponse$MigrationFailure;->getNamespace()Ljava/lang/String;,public-api,sdk,system-api,test-api
Landroid/app/appsearch/SetSchemaResponse$MigrationFailure;->getSchemaType()Ljava/lang/String;,public-api,sdk,system-api,test-api
Landroid/app/appsearch/SetSchemaResponse$MigrationFailure;->toString()Ljava/lang/String;,core-platform-api,public-api,sdk,system-api,test-api
Landroid/app/appsearch/SetSchemaResponse;->getDeletedTypes()Ljava/util/Set;,public-api,sdk,system-api,test-api
Landroid/app/appsearch/SetSchemaResponse;->getIncompatibleTypes()Ljava/util/Set;,public-api,sdk,system-api,test-api
Landroid/app/appsearch/SetSchemaResponse;->getMigratedTypes()Ljava/util/Set;,public-api,sdk,system-api,test-api
Landroid/app/appsearch/SetSchemaResponse;->getMigrationFailures()Ljava/util/List;,public-api,sdk,system-api,test-api
Landroid/app/appsearch/StorageInfo$Builder;-><init>()V,public-api,sdk,system-api,test-api
Landroid/app/appsearch/StorageInfo$Builder;->build()Landroid/app/appsearch/StorageInfo;,public-api,sdk,system-api,test-api
Landroid/app/appsearch/StorageInfo$Builder;->setAliveDocumentsCount(I)Landroid/app/appsearch/StorageInfo$Builder;,public-api,sdk,system-api,test-api
Landroid/app/appsearch/StorageInfo$Builder;->setAliveNamespacesCount(I)Landroid/app/appsearch/StorageInfo$Builder;,public-api,sdk,system-api,test-api
Landroid/app/appsearch/StorageInfo$Builder;->setSizeBytes(J)Landroid/app/appsearch/StorageInfo$Builder;,public-api,sdk,system-api,test-api
Landroid/app/appsearch/StorageInfo;->getAliveDocumentsCount()I,public-api,sdk,system-api,test-api
Landroid/app/appsearch/StorageInfo;->getAliveNamespacesCount()I,public-api,sdk,system-api,test-api
Landroid/app/appsearch/StorageInfo;->getSizeBytes()J,public-api,sdk,system-api,test-api
Landroid/app/appsearch/VisibilityDocument;->equals(Ljava/lang/Object;)Z,core-platform-api,public-api,sdk,system-api,test-api
Landroid/app/appsearch/VisibilityDocument;->hashCode()I,core-platform-api,public-api,sdk,system-api,test-api
Landroid/app/appsearch/VisibilityDocument;->writeToParcel(Landroid/os/Parcel;I)V,public-api,sdk,system-api,test-api
Landroid/app/appsearch/VisibilityDocumentCreator;->createFromParcel(Landroid/os/Parcel;)Ljava/lang/Object;,public-api,sdk,system-api,test-api
Landroid/app/appsearch/VisibilityDocumentCreator;->newArray(I)[Ljava/lang/Object;,public-api,sdk,system-api,test-api
Landroid/app/appsearch/VisibilityPermissionDocument;->equals(Ljava/lang/Object;)Z,core-platform-api,public-api,sdk,system-api,test-api
Landroid/app/appsearch/VisibilityPermissionDocument;->hashCode()I,core-platform-api,public-api,sdk,system-api,test-api
Landroid/app/appsearch/VisibilityPermissionDocument;->writeToParcel(Landroid/os/Parcel;I)V,public-api,sdk,system-api,test-api
Landroid/app/appsearch/VisibilityPermissionDocumentCreator;->createFromParcel(Landroid/os/Parcel;)Ljava/lang/Object;,public-api,sdk,system-api,test-api
Landroid/app/appsearch/VisibilityPermissionDocumentCreator;->newArray(I)[Ljava/lang/Object;,public-api,sdk,system-api,test-api
Landroid/app/appsearch/aidl/AppSearchAttributionSource$1;->createFromParcel(Landroid/os/Parcel;)Ljava/lang/Object;,public-api,sdk,system-api,test-api
Landroid/app/appsearch/aidl/AppSearchAttributionSource$1;->newArray(I)[Ljava/lang/Object;,public-api,sdk,system-api,test-api
Landroid/app/appsearch/aidl/AppSearchAttributionSource;->describeContents()I,public-api,sdk,system-api,test-api
Landroid/app/appsearch/aidl/AppSearchAttributionSource;->writeToParcel(Landroid/os/Parcel;I)V,public-api,sdk,system-api,test-api
Landroid/app/appsearch/aidl/AppSearchBatchResultParcel$1;->createFromParcel(Landroid/os/Parcel;)Ljava/lang/Object;,public-api,sdk,system-api,test-api
Landroid/app/appsearch/aidl/AppSearchBatchResultParcel$1;->newArray(I)[Ljava/lang/Object;,public-api,sdk,system-api,test-api
Landroid/app/appsearch/aidl/AppSearchBatchResultParcel;->describeContents()I,public-api,sdk,system-api,test-api
Landroid/app/appsearch/aidl/AppSearchBatchResultParcel;->writeToParcel(Landroid/os/Parcel;I)V,public-api,sdk,system-api,test-api
Landroid/app/appsearch/aidl/AppSearchResultParcel$1;->createFromParcel(Landroid/os/Parcel;)Ljava/lang/Object;,public-api,sdk,system-api,test-api
Landroid/app/appsearch/aidl/AppSearchResultParcel$1;->newArray(I)[Ljava/lang/Object;,public-api,sdk,system-api,test-api
Landroid/app/appsearch/aidl/AppSearchResultParcel;->describeContents()I,public-api,sdk,system-api,test-api
Landroid/app/appsearch/aidl/AppSearchResultParcel;->writeToParcel(Landroid/os/Parcel;I)V,public-api,sdk,system-api,test-api
Landroid/app/appsearch/aidl/DocumentsParcel$1;->createFromParcel(Landroid/os/Parcel;)Ljava/lang/Object;,public-api,sdk,system-api,test-api
Landroid/app/appsearch/aidl/DocumentsParcel$1;->newArray(I)[Ljava/lang/Object;,public-api,sdk,system-api,test-api
Landroid/app/appsearch/aidl/DocumentsParcel;->describeContents()I,public-api,sdk,system-api,test-api
Landroid/app/appsearch/aidl/DocumentsParcel;->writeToParcel(Landroid/os/Parcel;I)V,public-api,sdk,system-api,test-api
Landroid/app/appsearch/aidl/IAppSearchBatchResultCallback$Default;->asBinder()Landroid/os/IBinder;,public-api,sdk,system-api,test-api
Landroid/app/appsearch/aidl/IAppSearchBatchResultCallback$Stub$Proxy;->asBinder()Landroid/os/IBinder;,public-api,sdk,system-api,test-api
Landroid/app/appsearch/aidl/IAppSearchBatchResultCallback$Stub;->asBinder()Landroid/os/IBinder;,public-api,sdk,system-api,test-api
Landroid/app/appsearch/aidl/IAppSearchBatchResultCallback$Stub;->onTransact(ILandroid/os/Parcel;Landroid/os/Parcel;I)Z,public-api,sdk,system-api,test-api
Landroid/app/appsearch/aidl/IAppSearchManager$Default;->asBinder()Landroid/os/IBinder;,public-api,sdk,system-api,test-api
Landroid/app/appsearch/aidl/IAppSearchManager$Stub$$ExternalSyntheticLambda0;->accept(I)V,core-platform-api,public-api,sdk,system-api,test-api
Landroid/app/appsearch/aidl/IAppSearchManager$Stub$Proxy$$ExternalSyntheticLambda0;->accept(Ljava/lang/Object;Ljava/lang/Object;)V,core-platform-api,public-api,sdk,system-api,test-api
Landroid/app/appsearch/aidl/IAppSearchManager$Stub$Proxy;->asBinder()Landroid/os/IBinder;,public-api,sdk,system-api,test-api
Landroid/app/appsearch/aidl/IAppSearchManager$Stub;->asBinder()Landroid/os/IBinder;,public-api,sdk,system-api,test-api
Landroid/app/appsearch/aidl/IAppSearchManager$Stub;->onTransact(ILandroid/os/Parcel;Landroid/os/Parcel;I)Z,public-api,sdk,system-api,test-api
Landroid/app/appsearch/aidl/IAppSearchObserverProxy$Default;->asBinder()Landroid/os/IBinder;,public-api,sdk,system-api,test-api
Landroid/app/appsearch/aidl/IAppSearchObserverProxy$Stub$Proxy;->asBinder()Landroid/os/IBinder;,public-api,sdk,system-api,test-api
Landroid/app/appsearch/aidl/IAppSearchObserverProxy$Stub;->asBinder()Landroid/os/IBinder;,public-api,sdk,system-api,test-api
Landroid/app/appsearch/aidl/IAppSearchObserverProxy$Stub;->onTransact(ILandroid/os/Parcel;Landroid/os/Parcel;I)Z,public-api,sdk,system-api,test-api
Landroid/app/appsearch/aidl/IAppSearchResultCallback$Default;->asBinder()Landroid/os/IBinder;,public-api,sdk,system-api,test-api
Landroid/app/appsearch/aidl/IAppSearchResultCallback$Stub$Proxy;->asBinder()Landroid/os/IBinder;,public-api,sdk,system-api,test-api
Landroid/app/appsearch/aidl/IAppSearchResultCallback$Stub;->asBinder()Landroid/os/IBinder;,public-api,sdk,system-api,test-api
Landroid/app/appsearch/aidl/IAppSearchResultCallback$Stub;->onTransact(ILandroid/os/Parcel;Landroid/os/Parcel;I)Z,public-api,sdk,system-api,test-api
Landroid/app/appsearch/exceptions/AppSearchException;-><init>(I)V,public-api,sdk,system-api,test-api
Landroid/app/appsearch/exceptions/AppSearchException;-><init>(ILjava/lang/String;)V,public-api,sdk,system-api,test-api
Landroid/app/appsearch/exceptions/AppSearchException;-><init>(ILjava/lang/String;Ljava/lang/Throwable;)V,public-api,sdk,system-api,test-api
Landroid/app/appsearch/exceptions/AppSearchException;->getResultCode()I,public-api,sdk,system-api,test-api
Landroid/app/appsearch/exceptions/AppSearchException;->toAppSearchResult()Landroid/app/appsearch/AppSearchResult;,public-api,sdk,system-api,test-api
Landroid/app/appsearch/observer/DocumentChangeInfo;-><init>(Ljava/lang/String;Ljava/lang/String;Ljava/lang/String;Ljava/lang/String;Ljava/util/Set;)V,public-api,sdk,system-api,test-api
Landroid/app/appsearch/observer/DocumentChangeInfo;->equals(Ljava/lang/Object;)Z,core-platform-api,public-api,sdk,system-api,test-api
Landroid/app/appsearch/observer/DocumentChangeInfo;->getChangedDocumentIds()Ljava/util/Set;,public-api,sdk,system-api,test-api
Landroid/app/appsearch/observer/DocumentChangeInfo;->getDatabaseName()Ljava/lang/String;,public-api,sdk,system-api,test-api
Landroid/app/appsearch/observer/DocumentChangeInfo;->getNamespace()Ljava/lang/String;,public-api,sdk,system-api,test-api
Landroid/app/appsearch/observer/DocumentChangeInfo;->getPackageName()Ljava/lang/String;,public-api,sdk,system-api,test-api
Landroid/app/appsearch/observer/DocumentChangeInfo;->getSchemaName()Ljava/lang/String;,public-api,sdk,system-api,test-api
Landroid/app/appsearch/observer/DocumentChangeInfo;->hashCode()I,core-platform-api,public-api,sdk,system-api,test-api
Landroid/app/appsearch/observer/DocumentChangeInfo;->toString()Ljava/lang/String;,core-platform-api,public-api,sdk,system-api,test-api
Landroid/app/appsearch/observer/ObserverCallback;->onDocumentChanged(Landroid/app/appsearch/observer/DocumentChangeInfo;)V,public-api,sdk,system-api,test-api
Landroid/app/appsearch/observer/ObserverCallback;->onSchemaChanged(Landroid/app/appsearch/observer/SchemaChangeInfo;)V,public-api,sdk,system-api,test-api
Landroid/app/appsearch/observer/ObserverSpec$Builder;-><init>()V,public-api,sdk,system-api,test-api
Landroid/app/appsearch/observer/ObserverSpec$Builder;->addFilterSchemas(Ljava/util/Collection;)Landroid/app/appsearch/observer/ObserverSpec$Builder;,public-api,sdk,system-api,test-api
Landroid/app/appsearch/observer/ObserverSpec$Builder;->addFilterSchemas([Ljava/lang/String;)Landroid/app/appsearch/observer/ObserverSpec$Builder;,public-api,sdk,system-api,test-api
Landroid/app/appsearch/observer/ObserverSpec$Builder;->build()Landroid/app/appsearch/observer/ObserverSpec;,public-api,sdk,system-api,test-api
Landroid/app/appsearch/observer/ObserverSpec;->getFilterSchemas()Ljava/util/Set;,public-api,sdk,system-api,test-api
Landroid/app/appsearch/observer/SchemaChangeInfo;-><init>(Ljava/lang/String;Ljava/lang/String;Ljava/util/Set;)V,public-api,sdk,system-api,test-api
Landroid/app/appsearch/observer/SchemaChangeInfo;->equals(Ljava/lang/Object;)Z,core-platform-api,public-api,sdk,system-api,test-api
Landroid/app/appsearch/observer/SchemaChangeInfo;->getChangedSchemaNames()Ljava/util/Set;,public-api,sdk,system-api,test-api
Landroid/app/appsearch/observer/SchemaChangeInfo;->getDatabaseName()Ljava/lang/String;,public-api,sdk,system-api,test-api
Landroid/app/appsearch/observer/SchemaChangeInfo;->getPackageName()Ljava/lang/String;,public-api,sdk,system-api,test-api
Landroid/app/appsearch/observer/SchemaChangeInfo;->hashCode()I,core-platform-api,public-api,sdk,system-api,test-api
Landroid/app/appsearch/observer/SchemaChangeInfo;->toString()Ljava/lang/String;,core-platform-api,public-api,sdk,system-api,test-api
Landroid/app/appsearch/safeparcel/AbstractSafeParcelable;->describeContents()I,public-api,sdk,system-api,test-api
Landroid/app/appsearch/safeparcel/DocumentIndexingConfigParcelCreator;->createFromParcel(Landroid/os/Parcel;)Ljava/lang/Object;,public-api,sdk,system-api,test-api
Landroid/app/appsearch/safeparcel/DocumentIndexingConfigParcelCreator;->newArray(I)[Ljava/lang/Object;,public-api,sdk,system-api,test-api
Landroid/app/appsearch/safeparcel/GenericDocumentParcel;->equals(Ljava/lang/Object;)Z,core-platform-api,public-api,sdk,system-api,test-api
Landroid/app/appsearch/safeparcel/GenericDocumentParcel;->hashCode()I,core-platform-api,public-api,sdk,system-api,test-api
Landroid/app/appsearch/safeparcel/GenericDocumentParcel;->writeToParcel(Landroid/os/Parcel;I)V,public-api,sdk,system-api,test-api
Landroid/app/appsearch/safeparcel/GenericDocumentParcelCreator;->createFromParcel(Landroid/os/Parcel;)Ljava/lang/Object;,public-api,sdk,system-api,test-api
Landroid/app/appsearch/safeparcel/GenericDocumentParcelCreator;->newArray(I)[Ljava/lang/Object;,public-api,sdk,system-api,test-api
Landroid/app/appsearch/safeparcel/IntegerIndexingConfigParcelCreator;->createFromParcel(Landroid/os/Parcel;)Ljava/lang/Object;,public-api,sdk,system-api,test-api
Landroid/app/appsearch/safeparcel/IntegerIndexingConfigParcelCreator;->newArray(I)[Ljava/lang/Object;,public-api,sdk,system-api,test-api
Landroid/app/appsearch/safeparcel/JoinableConfigParcelCreator;->createFromParcel(Landroid/os/Parcel;)Ljava/lang/Object;,public-api,sdk,system-api,test-api
Landroid/app/appsearch/safeparcel/JoinableConfigParcelCreator;->newArray(I)[Ljava/lang/Object;,public-api,sdk,system-api,test-api
Landroid/app/appsearch/safeparcel/PropertyConfigParcel$DocumentIndexingConfigParcel;->writeToParcel(Landroid/os/Parcel;I)V,public-api,sdk,system-api,test-api
Landroid/app/appsearch/safeparcel/PropertyConfigParcel$IntegerIndexingConfigParcel;->writeToParcel(Landroid/os/Parcel;I)V,public-api,sdk,system-api,test-api
Landroid/app/appsearch/safeparcel/PropertyConfigParcel$JoinableConfigParcel;->writeToParcel(Landroid/os/Parcel;I)V,public-api,sdk,system-api,test-api
Landroid/app/appsearch/safeparcel/PropertyConfigParcel$StringIndexingConfigParcel;->writeToParcel(Landroid/os/Parcel;I)V,public-api,sdk,system-api,test-api
Landroid/app/appsearch/safeparcel/PropertyConfigParcel;->writeToParcel(Landroid/os/Parcel;I)V,public-api,sdk,system-api,test-api
Landroid/app/appsearch/safeparcel/PropertyConfigParcelCreator;->createFromParcel(Landroid/os/Parcel;)Ljava/lang/Object;,public-api,sdk,system-api,test-api
Landroid/app/appsearch/safeparcel/PropertyConfigParcelCreator;->newArray(I)[Ljava/lang/Object;,public-api,sdk,system-api,test-api
Landroid/app/appsearch/safeparcel/PropertyParcel;->equals(Ljava/lang/Object;)Z,core-platform-api,public-api,sdk,system-api,test-api
Landroid/app/appsearch/safeparcel/PropertyParcel;->hashCode()I,core-platform-api,public-api,sdk,system-api,test-api
Landroid/app/appsearch/safeparcel/PropertyParcel;->writeToParcel(Landroid/os/Parcel;I)V,public-api,sdk,system-api,test-api
Landroid/app/appsearch/safeparcel/PropertyParcelCreator;->createFromParcel(Landroid/os/Parcel;)Ljava/lang/Object;,public-api,sdk,system-api,test-api
Landroid/app/appsearch/safeparcel/PropertyParcelCreator;->newArray(I)[Ljava/lang/Object;,public-api,sdk,system-api,test-api
Landroid/app/appsearch/safeparcel/StringIndexingConfigParcelCreator;->createFromParcel(Landroid/os/Parcel;)Ljava/lang/Object;,public-api,sdk,system-api,test-api
Landroid/app/appsearch/safeparcel/StringIndexingConfigParcelCreator;->newArray(I)[Ljava/lang/Object;,public-api,sdk,system-api,test-api
Landroid/app/appsearch/stats/SchemaMigrationStats;->writeToParcel(Landroid/os/Parcel;I)V,public-api,sdk,system-api,test-api
Landroid/app/appsearch/stats/SchemaMigrationStatsCreator;->createFromParcel(Landroid/os/Parcel;)Ljava/lang/Object;,public-api,sdk,system-api,test-api
Landroid/app/appsearch/stats/SchemaMigrationStatsCreator;->newArray(I)[Ljava/lang/Object;,public-api,sdk,system-api,test-api
Landroid/app/appsearch/util/DocumentIdUtil;->createQualifiedId(Ljava/lang/String;Ljava/lang/String;Landroid/app/appsearch/GenericDocument;)Ljava/lang/String;,public-api,sdk,system-api,test-api
Landroid/app/appsearch/util/DocumentIdUtil;->createQualifiedId(Ljava/lang/String;Ljava/lang/String;Ljava/lang/String;Ljava/lang/String;)Ljava/lang/String;,public-api,sdk,system-api,test-api
Landroid/app/appsearch/util/IndentingStringBuilder;->toString()Ljava/lang/String;,core-platform-api,public-api,sdk,system-api,test-api
